5.0     567.0
14.0    466.0
22.0    492.0
31.0    523.0
40.0    528.0
48.0    549.0
56.0    551.0
65.0    517.0
73.0    492.0
85.0    518.0
98.0    89.0
111.0   476.0
120.0   455.0
130.0   503.0
139.0   432.0
149.0   407.0
161.0   382.0
171.0   455.0
181.0   451.0
190.0   411.0
201.0   453.0
210.0   496.0
219.0   465.0
229.0   352.0
240.0   371.0
251.0   418.0
261.0   453.0
270.0   493.0
281.0   376.0
291.0   443.0
301.0   510.0
310.0   471.0
320.0   448.0
330.0   380.0
341.0   477.0
351.0   361.0
362.0   381.0
373.0   435.0
382.0   477.0
392.0   386.0
403.0   430.0
414.0   463.0
423.0   433.0
433.0   454.0
443.0   423.0
454.0   454.0
463.0   461.0
473.0   364.0
485.0   399.0
496.0   384.0
508.0   382.0
519.0   402.0
530.0   377.0
540.0   463.0
550.0   442.0
560.0   433.0
571.0   446.0
580.0   500.0
591.0   403.0
601.0   360.0
612.0   433.0
621.0   519.0
631.0   408.0
641.0   482.0
649.0   491.0
659.0   480.0
669.0   378.0
679.0   462.0
690.0   428.0
702.0   411.0
713.0   387.0
723.0   475.0
732.0   468.0
742.0   412.0
752.0   455.0
765.0   466.0
776.0   522.0
785.0   531.0
794.0   484.0
803.0   515.0
812.0   463.0
821.0   505.0
831.0   421.0
841.0   414.0
851.0   486.0
860.0   429.0
871.0   513.0
881.0   475.0
893.0   420.0
903.0   357.0
912.0   512.0
921.0   528.0
931.0   419.0
941.0   414.0
951.0   483.0
960.0   435.0
970.0   430.0
980.0   313.0
993.0   412.0

































































































