12.0    105.0
26.0    468.0
41.0    421.0
56.0    429.0
70.0    473.0
83.0    553.0
92.0    563.0
101.0   556.0
110.0   586.0
120.0   532.0
129.0   560.0
140.0   422.0
150.0   489.0
160.0   528.0
169.0   526.0
178.0   550.0
188.0   473.0
198.0   442.0
210.0   432.0
220.0   501.0
231.0   526.0
240.0   483.0
250.0   492.0
261.0   700.0
271.0   519.0
281.0   440.0
291.0   559.0
300.0   566.0
310.0   529.0
319.0   566.0
328.0   508.0
340.0   411.0
351.0   435.0
361.0   479.0
371.0   511.0
381.0   424.0
393.0   483.0
403.0   460.0
413.0   499.0
424.0   436.0
435.0   449.0
447.0   446.0
457.0   541.0
466.0   579.0
476.0   412.0
488.0   492.0
497.0   579.0
506.0   592.0
516.0   503.0
526.0   486.0
537.0   453.0
547.0   540.0
556.0   512.0
566.0   532.0
575.0   537.0
585.0   428.0
596.0   551.0
606.0   529.0
616.0   544.0
625.0   443.0
636.0   492.0
647.0   429.0
658.0   475.0
667.0   585.0
677.0   552.0
686.0   582.0
695.0   575.0
704.0   485.0
715.0   457.0
726.0   477.0
737.0   456.0
747.0   489.0
757.0   516.0
768.0   579.0
777.0   547.0
787.0   491.0
796.0   533.0
805.0   561.0
815.0   455.0
826.0   451.0
836.0   530.0
846.0   492.0
856.0   512.0
867.0   456.0
879.0   550.0
889.0   516.0
899.0   492.0
910.0   488.0
920.0   524.0
929.0   494.0
939.0   555.0
949.0   549.0
958.0   587.0
968.0   516.0
978.0   441.0
989.0   521.0
999.0   559.0