2.0     461.0
11.0    462.0
21.0    444.0
29.0    536.0
38.0    535.0
47.0    530.0
55.0    536.0
65.0    478.0
74.0    489.0
84.0    486.0
97.0    75.0
110.0   48.0
120.0   408.0
130.0   473.0
139.0   423.0
149.0   489.0
158.0   471.0
168.0   359.0
179.0   398.0
189.0   469.0
199.0   442.0
208.0   499.0
217.0   501.0
226.0   459.0
237.0   477.0
247.0   465.0
256.0   505.0
265.0   474.0
275.0   482.0
285.0   419.0
295.0   450.0
305.0   478.0
314.0   506.0
323.0   451.0
333.0   432.0
343.0   397.0
354.0   410.0
365.0   378.0
375.0   429.0
385.0   515.0
395.0   446.0
406.0   357.0
417.0   360.0
428.0   446.0
437.0   482.0
447.0   416.0
458.0   330.0
469.0   375.0
481.0   352.0
493.0   406.0
502.0   466.0
512.0   494.0
521.0   465.0
531.0   481.0
540.0   505.0
549.0   444.0
560.0   398.0
571.0   445.0
581.0   431.0
591.0   463.0
601.0   445.0
612.0   451.0
622.0   430.0
632.0   394.0
641.0   488.0
650.0   463.0
659.0   503.0
668.0   505.0
678.0   431.0
687.0   510.0
697.0   538.0
706.0   494.0
715.0   496.0
725.0   478.0
735.0   474.0
745.0   476.0
756.0   437.0
771.0   459.0
781.0   477.0
790.0   533.0
799.0   495.0
808.0   496.0
817.0   450.0
827.0   401.0
838.0   409.0
848.0   423.0
859.0   343.0
870.0   364.0
883.0   382.0
895.0   465.0
905.0   462.0
914.0   445.0
923.0   528.0
933.0   440.0
942.0   464.0
951.0   495.0
961.0   459.0
970.0   474.0
979.0   353.0
990.0   420.0









































































































































































