11.0    94.0
23.0    480.0
39.0    140.0
53.0    186.0
67.0    479.0
81.0    541.0
90.0    551.0
99.0    523.0
107.0   598.0
116.0   551.0
126.0   567.0
135.0   458.0
146.0   556.0
155.0   592.0
165.0   533.0
174.0   566.0
183.0   539.0
192.0   544.0
203.0   416.0
214.0   487.0
224.0   501.0
234.0   553.0
243.0   501.0
253.0   464.0
264.0   472.0
273.0   514.0
283.0   494.0
293.0   537.0
302.0   556.0
311.0   546.0
320.0   529.0
329.0   505.0
341.0   429.0
351.0   454.0
362.0   479.0
371.0   511.0
381.0   436.0
392.0   474.0
402.0   488.0
412.0   500.0
422.0   516.0
434.0   419.0
445.0   449.0
455.0   501.0
464.0   549.0
473.0   429.0
485.0   447.0
495.0   571.0
503.0   538.0
512.0   524.0
522.0   500.0
533.0   444.0
543.0   526.0
552.0   531.0
561.0   535.0
570.0   562.0
580.0   527.0
590.0   461.0
600.0   512.0
610.0   505.0
619.0   505.0
629.0   474.0
640.0   457.0
651.0   462.0
661.0   528.0
670.0   550.0
679.0   551.0
688.0   616.0
697.0   555.0
706.0   493.0
717.0   424.0
727.0   487.0
738.0   469.0
748.0   508.0
757.0   491.0
768.0   588.0
777.0   547.0
787.0   509.0
796.0   538.0
805.0   552.0
814.0   491.0
824.0   455.0
835.0   518.0
844.0   459.0
854.0   501.0
864.0   459.0
877.0   537.0
886.0   500.0
896.0   489.0
907.0   438.0
917.0   515.0
926.0   563.0
936.0   487.0
945.0   545.0
954.0   499.0
963.0   516.0
973.0   486.0
983.0   491.0
994.0   593.0